  0.000000000000000000E+00  0.000000000000000000E+00
  0.300000000000000006E-02  0.800000000000000044E+00
  0.600000000000000012E-02  0.160000000000000009E+01
  0.900000000000000105E-02  0.240000000000000036E+01
  0.120000000000000002E-01  0.320000000000000018E+01
  0.149999999999999994E-01  0.400000000000000000E+01
  0.180000000000000021E-01  0.480000000000000071E+01
  0.210000000000000013E-01  0.560000000000000053E+01
  0.240000000000000005E-01  0.640000000000000036E+01
  0.269999999999999997E-01  0.720000000000000018E+01
  0.299999999999999989E-01  0.800000000000000000E+01
  0.330000000000000016E-01  0.880000000000000071E+01
  0.360000000000000042E-01  0.960000000000000142E+01
  0.389999999999999999E-01  0.104000000000000004E+02
  0.420000000000000026E-01  0.112000000000000011E+02
  0.449999999999999983E-01  0.120000000000000000E+02
  0.480000000000000010E-01  0.128000000000000007E+02
  0.510000000000000037E-01  0.136000000000000014E+02
  0.539999999999999994E-01  0.144000000000000004E+02
  0.570000000000000021E-01  0.152000000000000011E+02
  0.599999999999999978E-01  0.160000000000000000E+02
  0.630000000000000004E-01  0.168000000000000007E+02
  0.660000000000000031E-01  0.176000000000000014E+02
  0.690000000000000058E-01  0.184000000000000021E+02
  0.720000000000000084E-01  0.192000000000000028E+02
  0.749999999999999972E-01  0.200000000000000000E+02
  0.779999999999999999E-01  0.208000000000000007E+02
  0.810000000000000026E-01  0.216000000000000014E+02
  0.840000000000000052E-01  0.224000000000000021E+02
  0.870000000000000079E-01  0.232000000000000028E+02
  0.899999999999999967E-01  0.240000000000000000E+02
  0.929999999999999993E-01  0.248000000000000007E+02
  0.960000000000000020E-01  0.256000000000000014E+02
  0.990000000000000047E-01  0.264000000000000021E+02
  0.102000000000000007E+00  0.272000000000000028E+02
  0.104999999999999996E+00  0.280000000000000000E+02
  0.107999999999999999E+00  0.288000000000000007E+02
  0.111000000000000001E+00  0.296000000000000014E+02
  0.114000000000000004E+00  0.304000000000000021E+02
  0.117000000000000007E+00  0.312000000000000028E+02
  0.119999999999999996E+00  0.320000000000000000E+02
  0.122999999999999998E+00  0.328000000000000043E+02
  0.126000000000000001E+00  0.336000000000000014E+02
  0.129000000000000004E+00  0.343999999999999986E+02
  0.132000000000000006E+00  0.352000000000000028E+02
  0.135000000000000009E+00  0.360000000000000000E+02
  0.138000000000000012E+00  0.368000000000000043E+02
  0.141000000000000014E+00  0.376000000000000014E+02
  0.144000000000000017E+00  0.384000000000000057E+02
  0.146999999999999992E+00  0.392000000000000028E+02
  0.149999999999999994E+00  0.400000000000000000E+02
  0.152999999999999997E+00  0.408000000000000043E+02
  0.156000000000000000E+00  0.416000000000000014E+02
  0.159000000000000002E+00  0.424000000000000057E+02
  0.162000000000000005E+00  0.432000000000000028E+02
  0.165000000000000008E+00  0.440000000000000000E+02
  0.168000000000000010E+00  0.448000000000000043E+02
  0.171000000000000013E+00  0.456000000000000014E+02
  0.174000000000000016E+00  0.464000000000000057E+02
  0.176999999999999991E+00  0.472000000000000028E+02
  0.179999999999999993E+00  0.480000000000000000E+02
  0.182999999999999996E+00  0.488000000000000043E+02
  0.185999999999999999E+00  0.496000000000000014E+02
  0.189000000000000001E+00  0.504000000000000057E+02
  0.192000000000000004E+00  0.512000000000000028E+02
  0.195000000000000007E+00  0.520000000000000000E+02
  0.198000000000000009E+00  0.528000000000000043E+02
  0.201000000000000012E+00  0.536000000000000014E+02
  0.204000000000000015E+00  0.544000000000000057E+02
  0.207000000000000017E+00  0.552000000000000028E+02
  0.209999999999999992E+00  0.560000000000000000E+02
  0.212999999999999995E+00  0.568000000000000043E+02
  0.215999999999999998E+00  0.576000000000000014E+02
  0.219000000000000000E+00  0.584000000000000057E+02
  0.222000000000000003E+00  0.592000000000000028E+02
  0.225000000000000006E+00  0.600000000000000000E+02
  0.228000000000000008E+00  0.608000000000000043E+02
  0.231000000000000011E+00  0.616000000000000014E+02
  0.234000000000000014E+00  0.624000000000000057E+02
  0.237000000000000016E+00  0.632000000000000028E+02
  0.239999999999999991E+00  0.640000000000000000E+02
  0.242999999999999994E+00  0.647999999999999972E+02
  0.245999999999999996E+00  0.656000000000000085E+02
  0.248999999999999999E+00  0.664000000000000057E+02
  0.252000000000000002E+00  0.672000000000000028E+02
  0.255000000000000004E+00  0.680000000000000000E+02
  0.258000000000000007E+00  0.687999999999999972E+02
  0.261000000000000010E+00  0.696000000000000085E+02
  0.264000000000000012E+00  0.704000000000000057E+02
  0.267000000000000015E+00  0.712000000000000028E+02
  0.270000000000000018E+00  0.720000000000000000E+02
  0.273000000000000020E+00  0.727999999999999972E+02
  0.276000000000000023E+00  0.736000000000000085E+02
  0.279000000000000026E+00  0.744000000000000057E+02
  0.282000000000000028E+00  0.752000000000000028E+02
  0.285000000000000031E+00  0.760000000000000000E+02
  0.288000000000000034E+00  0.768000000000000114E+02
  0.290999999999999981E+00  0.776000000000000085E+02
  0.293999999999999984E+00  0.784000000000000057E+02
  0.296999999999999986E+00  0.792000000000000028E+02
