  0.000000000000000000E+00                       NaN                       NaN
  0.999999000000999850E-06  0.479225636002734781E-01  0.639207525342382066E-01
  0.799993600051199541E-05  0.487764380208235634E-01  0.650616290534180020E-01
  0.269992710196824655E-04  0.496344230290971869E-01  0.662096222002975660E-01
  0.639959042621272264E-04  0.504962920834979845E-01  0.673647135656882390E-01
  0.124984376952880878E-03  0.513618084346262813E-01  0.685268854377540926E-01
  0.215953354075519702E-03  0.522307250673508389E-01  0.696961207282807416E-01
  0.342882391339770459E-03  0.531027846670441284E-01  0.708724028964038827E-01
  0.511737990149043766E-03  0.539777196113993413E-01  0.720557158699514505E-01
  0.728468946138265193E-03  0.548552519891940191E-01  0.732460439646127753E-01
  0.999000999000999000E-03  0.557350936473001365E-01  0.744433718012005446E-01
  0.132923079381343429E-02  0.566169462671579152E-01  0.756476842213329309E-01
  0.172501916687963202E-02  0.575005014718396393E-01  0.768589662019199954E-01
  0.219218377225236134E-02  0.583854409647205502E-01  0.780772027688957371E-01
  0.273649106850801368E-02  0.592714367006547532E-01  0.793023789106926946E-01
  0.336364768904945811E-02  0.601581510904205044E-01  0.805344794920088425E-01
  0.407929122314997731E-02  0.610452372390553194E-01  0.817734891684629012E-01
  0.488898043910268847E-02  0.619323392185449281E-01  0.830193923027770231E-01
  0.579818498516650876E-02  0.628190923751659608E-01  0.842721728831599959E-01
  0.681227460846056850E-02  0.637051236716062591E-01  0.855318144445925965E-01
  0.793650793650793607E-02  0.645900520638068715E-01  0.867982999937301491E-01
  0.917602087071629595E-02  0.654734889122818714E-01  0.880716119381483309E-01
  0.105358146456530875E-01  0.663550384274784466E-01  0.893517320206507482E-01
  0.120207436124671121E-01  0.672342981485466173E-01  0.906386412593403468E-01
  0.136355028091660856E-01  0.681108594546891016E-01  0.919323198941291442E-01
  0.153846153846153855E-01  0.689843081080650372E-01  0.932327473403158219E-01
  0.172724199470113277E-01  0.698542248270263011E-01  0.945399021498102010E-01
  0.193030579111351276E-01  0.707201858882692685E-01  0.958537619805134300E-01
  0.214804609218436846E-01  0.715817637562970038E-01  0.971743035742865940E-01
  0.238083384339347649E-01  0.724385277384020920E-01  0.985015027438529145E-01
  0.262901655306718579E-01  0.732900446631991054E-01  0.998353343688797024E-01
  0.289291710648082977E-01  0.741358795805680815E-01  0.101175772401384492E+00
  0.317283262068538130E-01  0.749755964807033992E-01  0.102522789880497039E+00
  0.346903334855304876E-01  0.758087590298101438E-01  0.103876358956499465E+00
  0.378176164048247623E-01  0.766349313198446680E-01  0.105236450923949246E+00
  0.411123097207239524E-01  0.774536786295631080E-01  0.106603036263580322E+00
  0.445762504586033892E-01  0.782645681940185439E-01  0.107976084692563090E+00
  0.482109697492892481E-01  0.790671699795396088E-01  0.109355565222607087E+00
  0.520176855580582256E-01  0.798610574611249846E-01  0.110741446225286588E+00
  0.559972963762568124E-01  0.806458083991103136E-01  0.112133695503888658E+00
  0.601503759398496207E-01  0.814210056118937348E-01  0.113532280371003061E+00
  0.644771690330716574E-01  0.821862377414599166E-01  0.114937167731016268E+00
  0.689775884285086516E-01  0.829411000084089578E-01  0.116348324166617223E+00
  0.736512130074191418E-01  0.836851949531828426E-01  0.117765716028391948E+00
  0.784972870960132102E-01  0.844181331601892015E-01  0.119189309526564688E+00
  0.835147210447931970E-01  0.851395339615477059E-01  0.120619070823934221E+00
  0.887020930690326365E-01  0.858490261172333985E-01  0.122054966129072170E+00
  0.940576523591191566E-01  0.865462484684619837E-01  0.123496961788864518E+00
  0.995793234599204741E-01  0.872308505612533064E-01  0.124945024379522027E+00
  0.105264711908658257E+00  0.879024932372286794E-01  0.126399120795229553E+00
  0.111111111111111105E+00  0.885608491888335014E-01  0.127859218333663982E+00
  0.117115510426424360E+00  0.892056034763417383E-01  0.129325284777681015E+00
  0.123274604421501496E+00  0.898364540041815540E-01  0.130797288472540602E+00
  0.129584803246996838E+00  0.904531119543277723E-01  0.132275198398126709E+00
  0.136042244078433544E+00  0.910553021747328301E-01  0.133758984235695710E+00
  0.142642803558032355E+00  0.916427635210126101E-01  0.135248616428778862E+00
  0.149382111165550641E+00  0.922152491498630933E-01  0.136744066237943912E+00
  0.156255563439878564E+00  0.927725267629601336E-01  0.138245305789211931E+00
  0.163258338967393835E+00  0.933143788003810287E-01  0.139752308116003587E+00
  0.170385414048195627E+00  0.938406025828806833E-01  0.141265047194566756E+00
  0.177631578947368418E+00  0.943510104026580726E-01  0.142783497972915063E+00
  0.184991454635401842E+00  0.948454295625508481E-01  0.144307636393369215E+00
  0.192459509919827382E+00  0.953237023639001285E-01  0.145837439408856878E+00
  0.200030078869034539E+00  0.957856860436253066E-01  0.147372884993182657E+00
  0.207697378429085727E+00  0.962312526613424007E-01  0.148913952145520834E+00
  0.215455526135137798E+00  0.966602889376396018E-01  0.150460620889432628E+00
  0.223298557820762161E+00  0.970726960448943660E-01  0.152012872266731158E+00
  0.231220445230991334E+00  0.974683893522662048E-01  0.153570688326554877E+00
  0.239215113448242256E+00  0.978472981267373004E-01  0.155134052110015325E+00
  0.247276458044318831E+00  0.982093651922841121E-01  0.156702947630812578E+00
  0.255398361876396141E+00  0.985545465494562650E-01  0.158277359852203203E+00
  0.263574711450161314E+00  0.988828109578067382E-01  0.159857274660717752E+00
  0.271799412779046456E+00  0.991941394837591445E-01  0.161442678837014270E+00
  0.280066406674648383E+00  0.994885250166160362E-01  0.163033560024249902E+00
  0.288369683409904765E+00  0.997659717555022946E-01  0.164629906694336636E+00
  0.296703296703296704E+00  0.100026494670103550E+00  0.166231708112438092E+00
  0.305061376979185173E+00  0.100270118938097244E+00  0.167838954300040116E+00
  0.313438143866290653E+00  0.100496879362188429E+00  0.169451635996913680E+00
  0.321827917903200422E+00  0.100706819769652470E+00  0.171069744622264125E+00
  0.330225131426573559E+00  0.100899992397251226E+00  0.172693272235340589E+00
  0.338624338624338606E+00  0.101076457264336242E+00  0.174322211495757801E+00
  0.347020224742579042E+00  0.101236281536875417E+00  0.175956555623754035E+00
  0.355407614440932107E+00  0.101379538885045625E+00  0.177596298360595678E+00
  0.363781479297131172E+00  0.101506308836923298E+00  0.179241433929306165E+00
  0.372136944466768482E+00  0.101616676130680067E+00  0.180891956995885200E+00
  0.380469294509409084E+00  0.101710730067551103E+00  0.182547862631152996E+00
  0.388773978396827535E+00  0.101788563867695886E+00  0.184209146273346613E+00
  0.397046613723339659E+00  0.101850274030912111E+00  0.185875803691564756E+00
  0.405282990141970834E+00  0.101895959703998451E+00  0.187547830950148264E+00
  0.413479072053509478E+00  0.101925722056392040E+00  0.189225224374064471E+00
  0.421631000578368942E+00  0.101939663665531074E+00  0.190907980515347714E+00
  0.429735094843607668E+00  0.101937887913218395E+00  0.192596096120638660E+00
  0.437787852619458850E+00  0.101920498394081877E+00  0.194289568099844157E+00
  0.445785950341312742E+00  0.101887598337056184E+00  0.195988393495944963E+00
  0.453726242554288672E+00  0.101839290040629388E+00  0.197692569455945766E+00
  0.461605760818359245E+00  0.101775674322432438E+00  0.199402093202977165E+00
  0.469421712112465583E+00  0.101696849983576726E+00  0.201116962009535577E+00
  0.477171476776218406E+00  0.101602913287982877E+00  0.202837173171845242E+00
  0.484852606027636635E+00  0.101493957456784301E+00  0.204562723985326794E+00
  0.492462819094969806E+00  0.101370072177734569E+00  0.206293611721142550E+00
